306245785,-963363613,49
306245785,-963363613,47
306245836,-963363694,42
306246055,-963363805,42
306246055,-963363805,42
306246067,-963363778,42
306246067,-963363778,42
306246067,-963363778,42
306245977,-963363504,41
306245977,-963363504,41
306245686,-963362764,41
306245686,-963362764,40
306244961,-963361962,33
306244961,-963361962,30
306244961,-963361962,28
306244961,-963361962,26
306244906,-963361926,24
306244583,-963361647,28
306244583,-963361647,29
306244436,-963361243,29
306244436,-963361243,29
306243722,-963360539,29
306243722,-963360539,30
306243722,-963360539,30
306243722,-963360539,30
306243722,-963360539,30
306243722,-963360539,30
306243887,-963360363,34
306243887,-963360363,34
306244229,-963359955,34
306244229,-963359955,34
306244451,-963359439,34
306244451,-963359439,35
306244898,-963358792,35
306244898,-963358792,35
306244898,-963358792,35
306244921,-963358736,35
306245027,-963358598,33
306245027,-963358598,33
306245327,-963358419,32
306245327,-963358419,32
306245602,-963358351,31
306245601,-963358282,31
306245601,-963358282,31
306246439,-963357237,31
306246439,-963357237,31
306246439,-963357237,31
306246439,-963357237,31
306246439,-963357237,31
306246439,-963357237,31
306246612,-963357010,30
306246612,-963357010,31
306246805,-963356697,32
306246805,-963356697,32
306247282,-963356004,32
306247282,-963356004,32
306247524,-963355683,32
306247524,-963355683,31
306247716,-963355293,29
306247716,-963355293,28
306247923,-963355145,27
306247923,-963355145,27
306248354,-963355452,27
306248354,-963355452,27
306248566,-963356006,27
306248951,-963356763,27
306248951,-963356763,29
306248951,-963356763,29
306248951,-963356763,29
306248951,-963356763,69
306249183,-963356894,29
306249257,-963356954,30
306249257,-963356954,32
306249257,-963356954,32
306249600,-963357356,33
306249600,-963357356,33
306249600,-963357356,33
