306214458,-963403271,46
306214458,-963403271,45
306213871,-963402577,45
306213067,-963402146,43
306212605,-963401999,41
306212815,-963402469,39
306212645,-963404415,34
306212697,-963404426,38
306213062,-963404560,45
306213152,-963404257,42
306212757,-963403856,40
306212726,-963403786,40
306212686,-963403669,38
306213333,-963402655,34
306213165,-963402528,33
306212895,-963402557,39
306213110,-963402100,40
306212848,-963402153,39
306212966,-963402280,38
306213006,-963402151,41
306212907,-963402185,42
306212759,-963402261,43
306212851,-963402450,34
306213254,-963402877,34
306213608,-963402803,33
306213886,-963402992,34
306214068,-963403222,38
306212691,-963402968,42
306212691,-963402968,42
306212964,-963402927,50
306213426,-963403286,49
