306245916,-963363703,60
306245916,-963363703,59
306245916,-963363703,58
306245926,-963363694,60
306245926,-963363694,59
306245923,-963363729,56
306245923,-963363729,56
306245926,-963363740,54
306246087,-963363408,49
306246087,-963363408,49
306246087,-963363408,49
306246038,-963363456,41
306246021,-963363464,41
306246030,-963363546,42
306246030,-963363546,43
306246129,-963363421,44
306246129,-963363421,42
306246051,-963363439,39
306246051,-963363439,37
306246058,-963363555,38
306246058,-963363555,38
306245746,-963363152,38
306245169,-963362030,33
306245169,-963362030,33
306244328,-963361066,29
306244328,-963361066,30
306243858,-963360551,30
306243858,-963360551,31
306244255,-963360192,32
306244255,-963360192,33
306244728,-963359312,34
306244728,-963359312,35
306244830,-963358867,35
306245571,-963358487,36
306245571,-963358487,35
306245571,-963358487,35
306245596,-963357914,33
306245596,-963357914,32
306246050,-963357740,30
306246050,-963357740,30
306246329,-963357637,30
306246329,-963357637,31
306246422,-963357304,30
306246422,-963357304,30
306246881,-963357023,30
306247034,-963356475,31
306247277,-963356427,31
306247557,-963356091,30
306247557,-963356091,30
306247557,-963356091,27
306247833,-963355672,25
306248008,-963355611,25
306248295,-963355698,26
306248402,-963356461,26
306248502,-963356522,26
306248733,-963356605,26
306249000,-963356813,27
306249148,-963357025,27
306249203,-963357192,28
306249295,-963357384,28
306249437,-963357534,29
306249636,-963357571,30
306249650,-963364892,35
306249447,-963365260,34
306249387,-963365295,34
306249284,-963365294,33
306249266,-963365423,33
306249275,-963365442,31
306249348,-963365588,35
306249271,-963365523,34
306249135,-963365521,34
306248924,-963365652,35
306248479,-963366122,34
306248339,-963366195,33
306247885,-963366290,32
306247885,-963366290,32
306247885,-963366290,33
306247729,-963365766,33
306247567,-963365501,32
306247454,-963365344,32
306247363,-963365208,32
306247221,-963365065,36
306247021,-963364816,34
306246898,-963364652,34
306246808,-963364503,41
306246585,-963364229,41
306246334,-963363822,41
