306214209,-963402478,79
306214209,-963402478,78
306214231,-963402474,78
306214231,-963402474,78
306214077,-963402576,79
306214077,-963402576,79
306213952,-963402628,78
306213952,-963402628,78
306213952,-963402628,78
306213952,-963402628,77
306213952,-963402628,77
306213952,-963402628,77
306213938,-963402635,79
306213938,-963402635,79
306213985,-963402597,76
306214037,-963402609,72
306214037,-963402609,71
306214091,-963402597,70
306214091,-963402597,69
306214137,-963402577,68
306214137,-963402577,66
306214176,-963402537,64
306214176,-963402537,63
306214206,-963402500,64
306214206,-963402500,63
306214210,-963402543,66
306214210,-963402543,65
306214139,-963402607,66
306214139,-963402607,64
306214139,-963402607,64
306214109,-963402596,63
306214109,-963402596,65
306214041,-963402598,78
306214001,-963402591,78
306214001,-963402591,79
306213984,-963402591,79
306213984,-963402591,79
306213989,-963402608,78
306213989,-963402608,78
306214006,-963402691,79
306214006,-963402691,78
306214103,-963402903,80
306214103,-963402903,80
306214237,-963402922,81
306214268,-963402965,76
306214274,-963402958,77
306214302,-963402919,78
306214302,-963402919,77
306214289,-963402698,78
306214289,-963402698,78
306214262,-963402811,80
306214272,-963402788,79
306213920,-963402354,82
306213920,-963402354,81
306213539,-963402030,80
306213539,-963402030,79
306213539,-963402030,79
306213539,-963402030,78
306213539,-963402030,78
306213539,-963402030,78
306213417,-963401900,77
306213417,-963401900,77
306213314,-963401829,82
306213314,-963401829,82
306213273,-963401838,81
306213284,-963401842,81
306213360,-963401899,79
306213360,-963401899,78
306213224,-963401886,79
306213224,-963401886,78
306213168,-963401902,80
306213168,-963401902,80
306213269,-963402002,78
306213269,-963402002,77
306213290,-963401876,79
306213433,-963401966,79
306213433,-963401966,78
306213451,-963402010,79
306213451,-963402010,79
306213463,-963402046,79
306213472,-963402068,79
306213472,-963402068,79
306213472,-963402068,79
306213473,-963402069,82
306213475,-963402070,82
306213528,-963402118,80
306213528,-963402118,76
306213562,-963402271,61
306213562,-963402271,60
306213611,-963402218,54
306213614,-963402051,52
306213594,-963402025,51
306213737,-963401991,50
306213737,-963401991,50
306214300,-963401456,49
306214300,-963401456,49
306214300,-963401456,49
306214300,-963401456,49
306214300,-963401456,49
306214344,-963401428,49
306214344,-963401428,49
306214389,-963401341,48
306214389,-963401341,48
306214527,-963401154,48
306214527,-963401154,48
306214622,-963401127,47
306214622,-963401127,47
306214382,-963400734,48
306214382,-963400734,48
306214382,-963400734,48
306214382,-963400734,48
306214369,-963400679,48
306214369,-963400679,47
306214113,-963400629,45
306214113,-963400629,44
306214040,-963400616,41
306214040,-963400616,37
306213829,-963400602,35
306212735,-963400728,33
306212735,-963400728,33
306212735,-963400728,33
306212735,-963400728,33
306212735,-963400728,33
306212735,-963400728,33
306212735,-963400728,33
306212549,-963400857,30
306212524,-963400921,30
306212025,-963400739,30
306212025,-963400739,29
306211977,-963400798,28
306211704,-963401072,27
306211704,-963401072,26
306211438,-963401276,25
306211397,-963401308,26
306211213,-963401741,25
306210924,-963402730,26
306210924,-963402730,26
306211067,-963403346,26
306211157,-963403455,28
306211157,-963403455,27
306211157,-963403455,27
306211157,-963403455,27
306211157,-963403455,27
306211182,-963403618,31
306211182,-963403618,31
306211178,-963404115,30
306211178,-963404115,30
306211178,-963404115,30
306211178,-963404115,30
306211178,-963404115,30
306211178,-963404115,30
306211178,-963404115,30
306211178,-963404115,30
306211178,-963404115,30
306211177,-963403938,29
306211177,-963403938,29
306210980,-963403499,29
306210980,-963403499,30
306210896,-963403415,31
306210896,-963403415,31
306211321,-963403026,32
306211321,-963403026,32
306211659,-963402700,32
306211967,-963402531,36
306213517,-963401158,41
306213517,-963401158,41
306213517,-963401158,41
306213517,-963401158,0
306214310,-963400967,50
306214310,-963400967,51
306214310,-963400967,52
306214341,-963400906,57
306214341,-963400906,58
306214487,-963400998,62
306214487,-963400998,64
306214747,-963401279,74
306214841,-963401313,77
306214841,-963401313,77
306214713,-963401526,81
306214713,-963401526,80
306214580,-963401630,81
306214580,-963401630,81
306214632,-963401529,83
306214520,-963401475,83
306214520,-963401475,82
306214520,-963401475,82
306214392,-963401427,86
306214392,-963401427,85
306213869,-963401445,86
306213869,-963401445,85
306213496,-963401402,86
306213496,-963401402,85
306213516,-963401415,86
306213516,-963401415,85
306213476,-963401402,85
306213487,-963401319,85
306213487,-963401319,84
306213582,-963401225,85
306213497,-963401309,84
306213497,-963401309,84
306213488,-963401315,82
306213488,-963401315,80
306213488,-963401315,80
306213452,-963401343,79
306213452,-963401343,78
306213411,-963401406,74
306213411,-963401406,72
306213401,-963401543,65
306213401,-963401543,63
306213910,-963401549,59
306213910,-963401549,57
306213906,-963402106,55
306213906,-963402106,53
306213906,-963402106,52
306213872,-963402091,52
306213872,-963402091,52
306213673,-963402124,52
306213673,-963402124,52
306213673,-963402124,52
306213673,-963402124,52
306213673,-963402124,52
306213566,-963402652,52
306213566,-963402652,51
306213566,-963402652,50
306213566,-963402652,50
306213553,-963402649,50
306213553,-963402649,50
306213553,-963402649,50
306213553,-963402649,50
306213553,-963402649,50
306213553,-963402649,50
306213495,-963402587,50
306213232,-963402332,49
306213232,-963402332,48
306213232,-963402332,48
306213232,-963402332,48
306213232,-963402332,48
306213232,-963402332,48
306213232,-963402332,48
306213797,-963401806,43
306213797,-963401806,42
306213797,-963401806,42
306213797,-963401806,42
306213797,-963401806,42
306213797,-963401806,42
306213883,-963401741,42
306213883,-963401741,42
306213883,-963401741,42
306213883,-963401741,42
306213676,-963401902,42
306213676,-963401902,42
306213676,-963401902,42
306213676,-963401902,42
306213676,-963401902,42
306213676,-963401902,42
306211348,-963401743,43
306211348,-963401743,43
306211348,-963401743,43
306211348,-963401743,43
306211758,-963401663,45
306211758,-963401663,45
306211758,-963401663,45
306211758,-963401663,45
306211758,-963401663,45
306212016,-963402261,41
306212016,-963402261,41
306212225,-963402106,41
306212225,-963402106,38
306212564,-963401529,38
306212564,-963401529,38
306212564,-963401529,38
306212564,-963401529,38
306211996,-963400927,36
306211996,-963400927,36
306211996,-963400927,36
306211996,-963400927,36
306211996,-963400927,36
306211996,-963400927,36
306211996,-963400927,36
306211684,-963400827,38
306211684,-963400827,38
306211684,-963400827,38
306211684,-963400827,38
306211684,-963400827,38
306211684,-963400827,38
306211684,-963400827,38
306213338,-963402150,36
306213338,-963402150,36
306213338,-963402150,36
306213338,-963402150,36
306213339,-963402156,36
306213339,-963402156,36
