306247350,-963364329,31
306247350,-963364329,31
306247237,-963364418,31
306247237,-963364418,31
306247241,-963364414,33
306247248,-963364413,34
306247282,-963364444,38
306247282,-963364444,38
306246959,-963363813,37
306246959,-963363813,37
306246297,-963363391,38
306246297,-963363391,37
306246019,-963363016,36
306246019,-963363016,34
306244828,-963361716,34
306244828,-963361716,34
306244828,-963361716,32
306244828,-963361716,32
306244633,-963361459,23
306244633,-963361459,23
306244137,-963360959,23
306244137,-963360959,24
306243964,-963360881,26
306243950,-963360927,27
306244176,-963361047,30
306244176,-963361047,31
306244297,-963360798,30
306244297,-963360798,30
306244077,-963360670,30
306244017,-963360651,30
306244438,-963360083,32
306244438,-963360083,32
306245801,-963358638,30
306245801,-963358638,29
306246034,-963358436,29
306246034,-963358436,29
306246492,-963357836,30
306246492,-963357836,30
306246485,-963357745,31
306246485,-963357745,31
306247096,-963357056,35
306247096,-963357056,36
306247045,-963357276,36
306247045,-963357276,36
306246967,-963357380,37
306246967,-963357380,37
306246967,-963357380,37
306246966,-963357365,36
306246966,-963357365,37
306246966,-963357365,37
306246966,-963357365,37
306246966,-963357365,37
306246966,-963357365,37
306246887,-963357337,38
306246887,-963357337,38
306246847,-963358057,38
306246847,-963358057,37
306246640,-963359071,36
306246640,-963359071,37
306246487,-963359430,37
306246487,-963359430,37
306246577,-963359124,37
306246577,-963359124,37
306247071,-963359047,35
306247071,-963359047,35
306247781,-963359865,35
306247781,-963359865,36
306247781,-963359865,38
306247704,-963360175,39
306247704,-963360175,39
306246359,-963360443,41
306246359,-963360443,41
306246359,-963360443,41
306246359,-963360443,41
306245714,-963361310,41
306245714,-963361310,41
306246021,-963361129,41
306246021,-963361129,41
306246852,-963361060,38
306246852,-963361060,38
306247574,-963361560,39
306247658,-963361656,40
306247862,-963361736,40
306247862,-963361736,40
306248053,-963361493,40
306248053,-963361493,39
306248380,-963361287,38
306248380,-963361287,38
306248072,-963362154,36
306248698,-963363432,36
306248698,-963363432,34
306248698,-963363432,34
306248698,-963363432,34
306248698,-963363432,34
306248517,-963363787,32
306248517,-963363787,32
306248016,-963363643,31
306248016,-963363643,32
306247448,-963363638,35
306247448,-963363638,36
306247671,-963363545,37
306247671,-963363545,38
306247558,-963363698,38
306247558,-963363698,38
306247558,-963363698,39
306247652,-963363697,38
306247652,-963363697,39
306247679,-963363689,38
306247662,-963363730,38
306247662,-963363730,39
306247648,-963363734,38
306247590,-963363803,39
306247590,-963363803,38
306247590,-963363803,38
306247590,-963363803,38
306247590,-963363803,38
306247184,-963363018,37
306247184,-963363018,38
306246904,-963363124,38
306246904,-963363124,38
306245749,-963362407,36
306245749,-963362407,36
306246848,-963361794,37
306246848,-963361794,38
306247063,-963361365,38
306247876,-963361079,39
306247876,-963361079,39
306248119,-963360900,35
306248655,-963360833,36
306248655,-963360833,36
306248178,-963361414,34
306248178,-963361414,34
306247833,-963361439,34
